0 0 0 0 0 0 0 0 0 0 0 0 0 0 0 0 0 0 0 invalid
1 0 0 0 0 0 0 0 0 0 0 0 0 0 0 0 0 0 0 skeleton_nop
2 0 0 2 0 0 0 0 0 0 0 38 0 37 0 0 0 0 0 skeleton_copy
3 0 1 0 0 0 0 0 0 0 0 0 0 0 0 0 0 0 0 skeleton_return
4 0 8 2 0 0 0 0 0 0 0 38 0 64 0 0 0 0 0 x64_mov_ri
5 0 0 2 0 0 0 0 0 0 0 38 0 37 0 0 0 0 0 x64_mov_rr
6 0 0 2 0 0 0 0 0 0 0 38 0 37 0 0 0 0 0 x64_mov32_rr
7 0 0 2 0 0 0 0 0 0 0 38 0 37 0 0 0 0 0 x64_movsx8_rr
8 0 0 2 0 0 0 0 0 0 0 38 0 37 0 0 0 0 0 x64_movsx16_rr
9 0 0 2 0 0 0 0 0 0 0 38 0 37 0 0 0 0 0 x64_movsx32_rr
10 0 0 2 0 0 0 0 0 0 0 38 0 37 0 0 0 0 0 x64_movzx8_rr
11 0 0 2 0 0 0 0 0 0 0 38 0 37 0 0 0 0 0 x64_movzx16_rr
12 0 16 3 33 0 0 1 0 0 0 38 0 37 0 37 0 0 0 x64_add32
13 0 16 3 33 0 0 1 0 0 0 38 0 37 0 37 0 0 0 x64_add64
14 0 16 3 33 0 0 1 0 0 0 38 0 37 0 37 0 0 0 x64_sub32
15 0 16 3 33 0 0 1 0 0 0 38 0 37 0 37 0 0 0 x64_sub64
16 0 16 3 33 0 0 1 0 0 0 38 0 37 0 37 0 0 0 x64_and32
17 0 16 3 33 0 0 1 0 0 0 38 0 37 0 37 0 0 0 x64_and64
18 0 16 3 33 0 0 1 0 0 0 38 0 37 0 37 0 0 0 x64_or32
19 0 16 3 33 0 0 1 0 0 0 38 0 37 0 37 0 0 0 x64_or64
20 0 16 3 33 0 0 1 0 0 0 38 0 37 0 37 0 0 0 x64_xor32
21 0 16 3 33 0 0 1 0 0 0 38 0 37 0 37 0 0 0 x64_xor64
22 0 16 3 33 0 0 3 0 0 0 38 0 37 0 37 0 0 0 x64_imul32
23 0 16 3 33 0 0 3 0 0 0 38 0 37 0 37 0 0 0 x64_imul64
24 0 16 1 0 0 0 0 0 0 0 39 0 0 0 0 0 0 0 x64_neg32
25 0 16 1 0 0 0 0 0 0 0 39 0 0 0 0 0 0 0 x64_neg64
26 0 16 1 0 0 0 0 0 0 0 39 0 0 0 0 0 0 0 x64_not32
27 0 16 1 0 0 0 0 0 0 0 39 0 0 0 0 0 0 0 x64_not64
28 196610 64 2 0 0 0 0 0 0 32 38 0 37 0 0 0 0 0 x64_cvt_u64_to_f32
29 196610 64 2 0 0 0 0 0 0 32 38 0 37 0 0 0 0 0 x64_cvt_u64_to_f64
30 196610 64 2 0 0 0 0 0 0 32 38 0 37 0 0 0 0 0 x64_cvt_f32_to_u64
31 196610 64 2 0 0 0 0 0 0 32 38 0 37 0 0 0 0 0 x64_cvt_f64_to_u64
32 0 0 2 0 0 0 0 0 0 0 38 0 37 0 0 0 0 0 x64_lea_offset
33 0 16 2 0 0 0 0 0 0 0 39 0 64 0 0 0 0 0 x64_add64_imm
34 0 16 3 0 0 0 0 0 0 0 38 0 37 0 64 0 0 0 x64_imul64_rri
35 0 0 2 0 0 0 0 0 0 0 38 0 37 0 0 0 0 0 x64_bsf32
36 0 0 2 0 0 0 0 0 0 0 38 0 37 0 0 0 0 0 x64_bsf64
37 0 0 2 0 0 0 0 0 0 0 38 0 37 0 0 0 0 0 x64_bsr32
38 0 0 2 0 0 0 0 0 0 0 38 0 37 0 0 0 0 0 x64_bsr64
39 0 0 2 0 0 0 0 0 0 0 38 0 37 0 0 0 0 0 x64_popcnt32
40 0 0 2 0 0 0 0 0 0 0 38 0 37 0 0 0 0 0 x64_popcnt64
41 0 16 2 0 0 0 0 0 0 2 37 0 37 0 0 0 0 0 x64_cmp32
42 0 16 2 0 0 0 0 0 0 2 37 0 37 0 0 0 0 0 x64_cmp64
43 0 16 2 0 0 0 0 0 0 2 37 0 37 0 0 0 0 0 x64_test_rr
44 0 96 1 0 0 0 0 0 2 0 38 0 0 0 0 0 0 0 x64_setcc
45 0 128 2 0 0 0 5 1 0 0 38 0 96 0 0 0 0 0 x64_load_frame
46 0 128 2 0 0 0 6 2 0 0 96 0 37 0 0 0 0 0 x64_store_frame8
47 0 128 2 0 0 0 6 2 0 0 96 0 37 0 0 0 0 0 x64_store_frame16
48 0 128 2 0 0 0 6 2 0 0 96 0 37 0 0 0 0 0 x64_store_frame32
49 0 128 2 0 0 0 6 2 0 0 96 0 37 0 0 0 0 0 x64_store_frame64
50 0 128 2 0 0 0 5 1 0 0 38 0 37 0 0 0 0 0 x64_load_ptr8
51 0 128 2 0 0 0 5 1 0 0 38 0 37 0 0 0 0 0 x64_load_ptr16
52 0 128 2 0 0 0 5 1 0 0 38 0 37 0 0 0 0 0 x64_load_ptr32
53 0 128 2 0 0 0 5 1 0 0 38 0 37 0 0 0 0 0 x64_load_ptr64
54 0 128 2 0 0 0 6 2 0 0 37 0 37 0 0 0 0 0 x64_store_ptr8
55 0 128 2 0 0 0 6 2 0 0 37 0 37 0 0 0 0 0 x64_store_ptr16
56 0 128 2 0 0 0 6 2 0 0 37 0 37 0 0 0 0 0 x64_store_ptr32
57 0 128 2 0 0 0 6 2 0 0 37 0 37 0 0 0 0 0 x64_store_ptr64
58 0 1 1 0 0 0 0 0 0 0 128 0 0 0 0 0 0 0 x64_jmp
59 0 33 2 0 0 0 0 0 2 0 128 0 128 0 0 0 0 0 x64_jcc
60 0 1 0 0 0 0 0 0 0 0 0 0 0 0 0 0 0 0 x64_ret
61 0 80 2 0 0 3 2 0 0 0 39 0 37 1 0 0 0 0 x64_shl32
62 0 80 2 0 0 3 2 0 0 0 39 0 37 1 0 0 0 0 x64_shl64
63 0 80 2 0 0 3 2 0 0 0 39 0 37 1 0 0 0 0 x64_sar32
64 0 80 2 0 0 3 2 0 0 0 39 0 37 1 0 0 0 0 x64_sar64
65 0 80 2 0 0 3 2 0 0 0 39 0 37 1 0 0 0 0 x64_shr32
66 0 80 2 0 0 3 2 0 0 0 39 0 37 1 0 0 0 0 x64_shr64
67 4 80 2 0 0 3 4 0 0 0 39 0 37 1 0 0 0 0 x64_sdiv32
68 4 80 2 0 0 3 4 0 0 0 39 0 37 1 0 0 0 0 x64_sdiv64
69 4 80 2 0 0 3 4 0 0 0 39 0 37 1 0 0 0 0 x64_udiv32
70 4 80 2 0 0 3 4 0 0 0 39 0 37 1 0 0 0 0 x64_udiv64
71 4 80 2 0 0 3 4 0 0 0 39 0 37 1 0 0 0 0 x64_srem32
72 4 80 2 0 0 3 4 0 0 0 39 0 37 1 0 0 0 0 x64_srem64
73 4 80 2 0 0 3 4 0 0 0 39 0 37 1 0 0 0 0 x64_urem32
74 4 80 2 0 0 3 4 0 0 0 39 0 37 1 0 0 0 0 x64_urem64
75 0 6 0 0 0 0 0 0 0 0 0 0 0 0 0 0 0 0 x64_call_direct
76 0 8 2 0 0 0 0 0 0 0 38 0 96 0 0 0 0 0 x64_lea_frame
77 0 8 1 0 0 0 0 0 0 0 38 0 0 0 0 0 0 0 x64_lea_symbol
78 0 8 1 0 0 0 0 0 0 0 38 0 0 0 0 0 0 0 x64_lea_tls
79 0 8 1 0 0 0 0 0 0 0 38 0 0 0 0 0 0 0 x64_lea_tls_initial_exec
80 0 6 0 0 0 0 0 0 0 0 0 0 0 0 0 0 0 0 x64_tls_general_dynamic
81 2 81 2 0 0 0 0 0 0 0 37 0 128 0 0 0 0 0 x64_switch
82 1 0 2 0 0 0 0 3 0 0 96 0 96 0 0 0 0 0 x64_copy_frame_from_frame
83 1 64 2 0 0 0 0 3 0 0 96 0 37 0 0 0 0 0 x64_copy_frame_from_ptr
84 5 64 2 0 0 0 0 3 0 0 37 0 96 0 0 0 0 0 x64_copy_ptr_from_frame
85 196608 0 3 0 0 0 0 0 0 32 38 0 37 0 37 0 0 0 x64_farith
86 196612 80 3 0 0 0 0 0 0 34 38 0 37 0 37 0 0 0 x64_fcmp_set
87 196608 0 2 0 0 0 0 0 0 32 38 0 37 0 0 0 0 0 x64_cvt_f32_to_f64
88 196608 0 2 0 0 0 0 0 0 32 38 0 37 0 0 0 0 0 x64_cvt_f64_to_f32
89 196608 0 2 0 0 0 0 0 0 32 38 0 37 0 0 0 0 0 x64_cvt_i64_to_f32
90 196608 0 2 0 0 0 0 0 0 32 38 0 37 0 0 0 0 0 x64_cvt_i64_to_f64
91 196608 0 2 0 0 0 0 0 0 32 38 0 37 0 0 0 0 0 x64_cvt_f32_to_i64
92 196608 0 2 0 0 0 0 0 0 32 38 0 37 0 0 0 0 0 x64_cvt_f64_to_i64
93 16711680 0 1 0 0 0 0 0 0 32 37 0 0 0 0 0 0 0 x64_movq_to_xmm
94 0 0 1 0 0 0 0 0 32 0 38 0 0 0 0 0 0 0 x64_movq_from_xmm
95 0 0 1 0 0 0 0 1 0 0 38 0 0 0 0 0 0 0 x64_load_incoming
96 0 68 1 0 0 0 0 0 0 0 96 0 0 0 0 0 0 0 x64_va_save
97 3844 68 2 0 0 0 0 0 0 0 37 0 166 0 0 0 0 0 x64_va_arg
98 0 0 1 0 0 0 11 0 0 0 96 0 0 0 0 0 0 0 x64_push_frame
99 0 0 1 0 0 0 11 0 0 0 37 0 0 0 0 0 0 0 x64_push_register
100 0 0 0 0 0 0 11 0 0 0 0 0 0 0 0 0 0 0 x64_sub_rsp
101 0 0 0 0 0 0 11 0 0 0 0 0 0 0 0 0 0 0 x64_add_rsp
102 2 84 2 0 0 0 0 0 0 0 38 0 37 0 0 0 0 0 x64_stack_allocate
103 0 6 1 0 0 0 0 0 0 0 37 0 0 0 0 0 0 0 x64_call_indirect
104 2 68 2 0 0 0 0 0 0 0 37 0 37 0 0 0 0 0 x64_atomic_store_xchg
105 256 84 3 0 0 0 0 0 0 0 38 0 37 0 37 0 0 0 x64_atomic_rmw
106 0 84 4 0 0 0 0 0 0 0 38 0 37 0 37 0 37 0 x64_atomic_cmpxchg
107 15 84 4 0 0 0 0 0 0 0 96 0 96 0 96 0 37 0 x64_atomic_cmpxchg16
108 0 4 0 0 0 0 0 0 0 0 0 0 0 0 0 0 0 0 x64_mfence
109 0 4 0 0 0 0 0 0 0 0 0 0 0 0 0 0 0 0 x64_int3
110 0 5 0 0 0 0 0 0 0 0 0 0 0 0 0 0 0 0 x64_ud2
111 0 0 2 0 0 0 0 0 0 0 42 0 41 0 0 0 0 0 x64_vmov_rr
112 0 128 2 0 0 0 5 1 0 0 42 0 96 0 0 0 0 0 x64_vload_frame
113 0 128 2 0 0 0 6 2 0 0 96 0 41 0 0 0 0 0 x64_vstore_frame
114 0 128 2 0 0 0 5 1 0 0 42 0 37 0 0 0 0 0 x64_vload_ptr
115 0 128 2 0 0 0 6 2 0 0 37 0 41 0 0 0 0 0 x64_vstore_ptr
116 0 128 3 0 0 0 5 1 0 0 42 0 37 0 37 0 0 0 x64_vload_ptr_masked
117 0 128 3 0 0 0 6 2 0 0 37 0 37 0 41 0 0 0 x64_vstore_ptr_masked
118 0 128 3 0 0 0 6 2 0 0 37 0 37 0 41 0 0 0 x64_vcompress_store_ptr
119 0 0 2 0 0 0 0 0 0 0 42 0 37 0 0 0 0 0 x64_vsplatb
120 0 0 2 0 0 0 0 0 0 0 42 0 37 0 0 0 0 0 x64_vsplatd
121 0 0 3 0 0 0 0 0 0 0 38 0 41 0 41 0 0 0 x64_vpcmp_mask
122 0 0 2 0 0 0 0 0 0 0 38 0 41 0 0 0 0 0 x64_vpmovb2m
123 0 0 4 0 0 0 0 0 0 0 43 0 37 0 41 0 41 0 x64_vpermt2b
124 0 0 3 0 0 0 0 0 0 0 42 0 37 0 41 0 0 0 x64_vcompressb
125 0 0 2 0 0 0 0 0 0 0 42 0 41 0 0 0 0 0 x64_vpmovzxbd
126 0 0 2 0 0 0 0 0 0 0 42 0 41 0 0 0 0 0 x64_vpslld_ri
127 0 0 3 0 0 0 0 0 0 0 43 0 41 0 41 0 0 0 x64_vpternlogd
128 0 0 3 0 0 0 0 0 0 0 42 0 41 0 41 0 0 0 x64_vbinary
129 4 80 2 0 0 3 3 0 0 0 39 0 37 1 0 0 0 0 x64_mulh64
130 0 8 2 0 0 0 0 0 0 0 38 0 64 0 0 0 0 0 a64_mov_ri
131 0 0 2 0 0 0 0 0 0 0 38 0 37 0 0 0 0 0 a64_mov_rr
132 0 0 2 0 0 0 0 0 0 0 38 0 37 0 0 0 0 0 a64_mov32_rr
133 0 0 2 0 0 0 0 0 0 0 38 0 37 0 0 0 0 0 a64_sxtb
134 0 0 2 0 0 0 0 0 0 0 38 0 37 0 0 0 0 0 a64_sxth
135 0 0 2 0 0 0 0 0 0 0 38 0 37 0 0 0 0 0 a64_sxtw
136 0 0 2 0 0 0 0 0 0 0 38 0 37 0 0 0 0 0 a64_uxtb
137 0 0 2 0 0 0 0 0 0 0 38 0 37 0 0 0 0 0 a64_uxth
138 0 0 3 0 0 0 1 0 0 0 38 0 37 0 37 0 0 0 a64_add32
139 0 0 3 0 0 0 1 0 0 0 38 0 37 0 37 0 0 0 a64_add64
140 0 0 3 0 0 0 1 0 0 0 38 0 37 0 37 0 0 0 a64_sub32
141 0 0 3 0 0 0 1 0 0 0 38 0 37 0 37 0 0 0 a64_sub64
142 0 0 3 0 0 0 1 0 0 0 38 0 37 0 37 0 0 0 a64_and32
143 0 0 3 0 0 0 1 0 0 0 38 0 37 0 37 0 0 0 a64_and64
144 0 0 3 0 0 0 1 0 0 0 38 0 37 0 37 0 0 0 a64_orr32
145 0 0 3 0 0 0 1 0 0 0 38 0 37 0 37 0 0 0 a64_orr64
146 0 0 3 0 0 0 1 0 0 0 38 0 37 0 37 0 0 0 a64_eor32
147 0 0 3 0 0 0 1 0 0 0 38 0 37 0 37 0 0 0 a64_eor64
148 0 0 3 0 0 0 3 0 0 0 38 0 37 0 37 0 0 0 a64_mul32
149 0 0 3 0 0 0 3 0 0 0 38 0 37 0 37 0 0 0 a64_mul64
150 0 0 3 0 0 0 3 0 0 0 38 0 37 0 37 0 0 0 a64_umulh64
151 0 0 3 0 0 0 4 0 0 0 38 0 37 0 37 0 0 0 a64_sdiv32
152 0 0 3 0 0 0 4 0 0 0 38 0 37 0 37 0 0 0 a64_sdiv64
153 0 0 3 0 0 0 4 0 0 0 38 0 37 0 37 0 0 0 a64_udiv32
154 0 0 3 0 0 0 4 0 0 0 38 0 37 0 37 0 0 0 a64_udiv64
155 0 576 3 0 0 0 4 0 0 0 38 0 37 0 37 0 0 0 a64_srem32
156 0 576 3 0 0 0 4 0 0 0 38 0 37 0 37 0 0 0 a64_srem64
157 0 576 3 0 0 0 4 0 0 0 38 0 37 0 37 0 0 0 a64_urem32
158 0 576 3 0 0 0 4 0 0 0 38 0 37 0 37 0 0 0 a64_urem64
159 0 0 3 0 0 0 0 0 0 0 38 0 37 0 37 0 0 0 a64_lsl32
160 0 0 3 0 0 0 0 0 0 0 38 0 37 0 37 0 0 0 a64_lsl64
161 0 0 3 0 0 0 0 0 0 0 38 0 37 0 37 0 0 0 a64_asr32
162 0 0 3 0 0 0 0 0 0 0 38 0 37 0 37 0 0 0 a64_asr64
163 0 0 3 0 0 0 0 0 0 0 38 0 37 0 37 0 0 0 a64_lsr32
164 0 0 3 0 0 0 0 0 0 0 38 0 37 0 37 0 0 0 a64_lsr64
165 0 0 2 0 0 0 0 0 0 0 38 0 37 0 0 0 0 0 a64_neg32
166 0 0 2 0 0 0 0 0 0 0 38 0 37 0 0 0 0 0 a64_neg64
167 0 0 2 0 0 0 0 0 0 0 38 0 37 0 0 0 0 0 a64_not32
168 0 0 2 0 0 0 0 0 0 0 38 0 37 0 0 0 0 0 a64_not64
169 0 16 2 0 0 0 0 0 0 4 37 0 37 0 0 0 0 0 a64_cmp32
170 0 16 2 0 0 0 0 0 0 4 37 0 37 0 0 0 0 0 a64_cmp64
171 0 16 1 0 0 0 0 0 0 4 37 0 0 0 0 0 0 0 a64_cmp_zero
172 0 32 1 0 0 0 0 0 4 0 38 0 0 0 0 0 0 0 a64_cset
173 0 128 2 0 0 0 5 1 0 0 38 0 96 0 0 0 0 0 a64_load_frame
174 0 128 2 0 0 0 5 1 0 0 38 0 96 0 0 0 0 0 a64_load_frame32
175 0 128 2 0 0 0 6 2 0 0 96 0 37 0 0 0 0 0 a64_store_frame8
176 0 128 2 0 0 0 6 2 0 0 96 0 37 0 0 0 0 0 a64_store_frame16
177 0 128 2 0 0 0 6 2 0 0 96 0 37 0 0 0 0 0 a64_store_frame32
178 0 128 2 0 0 0 6 2 0 0 96 0 37 0 0 0 0 0 a64_store_frame64
179 0 128 2 0 0 0 5 1 0 0 38 0 37 0 0 0 0 0 a64_load_ptr8
180 0 128 2 0 0 0 5 1 0 0 38 0 37 0 0 0 0 0 a64_load_ptr16
181 0 128 2 0 0 0 5 1 0 0 38 0 37 0 0 0 0 0 a64_load_ptr32
182 0 128 2 0 0 0 5 1 0 0 38 0 37 0 0 0 0 0 a64_load_ptr64
183 0 128 2 0 0 0 6 2 0 0 37 0 37 0 0 0 0 0 a64_store_ptr8
184 0 128 2 0 0 0 6 2 0 0 37 0 37 0 0 0 0 0 a64_store_ptr16
185 0 128 2 0 0 0 6 2 0 0 37 0 37 0 0 0 0 0 a64_store_ptr32
186 0 128 2 0 0 0 6 2 0 0 37 0 37 0 0 0 0 0 a64_store_ptr64
187 0 8 2 0 0 0 0 0 0 0 38 0 96 0 0 0 0 0 a64_lea_frame
188 0 0 2 0 0 0 0 0 0 0 38 0 37 0 0 0 0 0 a64_lea_offset
189 0 0 2 0 0 0 0 3 0 0 96 0 96 0 0 0 0 0 a64_copy_frame_from_frame
190 0 0 2 0 0 0 0 3 0 0 96 0 37 0 0 0 0 0 a64_copy_frame_from_ptr
191 0 0 2 0 0 0 0 3 0 0 37 0 96 0 0 0 0 0 a64_copy_ptr_from_frame
192 0 1 1 0 0 0 0 0 0 0 128 0 0 0 0 0 0 0 a64_b
193 0 33 2 0 0 0 0 0 4 0 128 0 128 0 0 0 0 0 a64_bcc
194 0 1 0 0 0 0 0 0 0 0 0 0 0 0 0 0 0 0 a64_ret
195 512 0 1 0 0 0 0 0 0 32 37 0 0 0 0 0 0 0 a64_fmov_to_vec
196 0 0 1 0 0 0 0 0 32 0 38 0 0 0 0 0 0 0 a64_fmov_from_vec
197 0 4 0 0 0 0 0 0 0 0 0 0 0 0 0 0 0 0 a64_brk
198 0 5 0 0 0 0 0 0 0 0 0 0 0 0 0 0 0 0 a64_udf
199 0 0 1 0 0 0 11 0 0 0 38 0 0 0 0 0 0 0 a64_read_sp
200 0 4 1 0 0 0 0 0 0 0 37 0 0 0 0 0 0 0 a64_write_sp
201 0 6 0 0 0 0 0 0 0 0 0 0 0 0 0 0 0 0 a64_call_direct
202 0 6 1 0 0 0 0 0 0 0 37 0 0 0 0 0 0 0 a64_call_indirect
203 0 8 1 0 0 0 0 0 0 0 38 0 0 0 0 0 0 0 a64_lea_symbol
204 0 0 3 0 0 0 0 0 0 32 38 0 37 0 37 0 0 0 a64_farith
205 0 16 3 0 0 0 0 0 0 36 38 0 37 0 37 0 0 0 a64_fcmp_set
206 0 0 2 0 0 0 0 0 0 32 38 0 37 0 0 0 0 0 a64_cvt_f32_to_f64
207 0 0 2 0 0 0 0 0 0 32 38 0 37 0 0 0 0 0 a64_cvt_f64_to_f32
208 0 0 2 0 0 0 0 0 0 32 38 0 37 0 0 0 0 0 a64_cvt_i64_to_f32
209 0 0 2 0 0 0 0 0 0 32 38 0 37 0 0 0 0 0 a64_cvt_i64_to_f64
210 0 0 2 0 0 0 0 0 0 32 38 0 37 0 0 0 0 0 a64_cvt_f32_to_i64
211 0 0 2 0 0 0 0 0 0 32 38 0 37 0 0 0 0 0 a64_cvt_f64_to_i64
212 0 0 2 0 0 0 0 0 0 32 38 0 37 0 0 0 0 0 a64_cvt_u64_to_f32
213 0 0 2 0 0 0 0 0 0 32 38 0 37 0 0 0 0 0 a64_cvt_u64_to_f64
214 0 0 2 0 0 0 0 0 0 32 38 0 37 0 0 0 0 0 a64_cvt_f32_to_u64
215 0 0 2 0 0 0 0 0 0 32 38 0 37 0 0 0 0 0 a64_cvt_f64_to_u64
216 0 0 1 0 0 0 0 1 0 0 38 0 0 0 0 0 0 0 a64_load_incoming
217 0 68 1 0 0 0 0 0 0 0 96 0 0 0 0 0 0 0 a64_va_save
218 6656 68 2 0 0 3 0 0 0 0 37 10 166 13 0 0 0 0 a64_va_arg
219 0 128 1 0 0 0 5 1 0 32 96 0 0 0 0 0 0 0 a64_vload_frame
220 0 128 1 0 0 0 0 2 32 0 96 0 0 0 0 0 0 0 a64_vstore_frame
221 0 0 0 0 0 0 0 0 32 32 0 0 0 0 0 0 0 0 a64_varith
222 0 4 2 0 0 0 0 0 0 0 38 0 37 0 0 0 0 0 a64_atomic_load
223 0 4 2 0 0 0 0 0 0 0 37 0 37 0 0 0 0 0 a64_atomic_store
224 12288 68 3 0 0 7 0 0 0 0 38 9 37 10 37 11 0 0 a64_atomic_rmw
225 8192 84 4 0 0 15 0 0 0 4 38 9 37 10 37 12 37 11 a64_atomic_cas
226 0 4 0 0 0 0 0 0 0 0 0 0 0 0 0 0 0 0 a64_atomic_fence
227 0 8 1 0 0 0 0 0 0 0 38 0 0 0 0 0 0 0 a64_lea_tls
228 512 84 2 0 0 3 0 0 0 4 38 10 37 9 0 0 0 0 a64_stack_allocate
229 0 81 2 0 0 0 0 0 0 4 37 0 128 0 0 0 0 0 a64_switch
230 0 128 1 0 0 0 5 1 0 32 96 0 0 0 0 0 0 0 a64_vload_frame_sized
231 0 128 1 0 0 0 0 2 32 0 96 0 0 0 0 0 0 0 a64_vstore_frame_sized
232 0 8 1 0 0 0 0 0 0 0 38 0 0 0 0 0 0 0 x64_lea_block
233 0 1 1 0 0 0 0 0 0 0 37 0 0 0 0 0 0 0 x64_indirect_branch
234 0 8 1 0 0 0 0 0 0 0 38 0 0 0 0 0 0 0 a64_lea_block
235 0 1 1 0 0 0 0 0 0 0 37 0 0 0 0 0 0 0 a64_indirect_branch
236 0 8 1 0 0 0 0 0 0 0 38 0 0 0 0 0 0 0 x64_load_symbol_got
237 2560 84 2 0 0 3 0 0 0 4 37 9 37 10 0 0 0 0 a64_clear_instruction_cache
238 15 84 3 0 0 3 0 2 0 2 37 0 37 1 96 0 0 0 x64_cpuid
239 5 84 2 0 0 1 0 2 0 2 37 1 96 0 0 0 0 0 x64_xgetbv
240 0 68 4 0 0 15 0 2 0 0 37 1 37 2 37 8 37 9 x64_win_va_save
241 0 0 1 0 0 0 0 0 0 0 38 0 0 0 0 0 0 0 x64_lea_incoming
242 0 0 2 0 0 0 0 0 0 0 38 0 37 0 0 0 0 0 a64_clz32
243 0 0 2 0 0 0 0 0 0 0 38 0 37 0 0 0 0 0 a64_clz64
244 0 0 2 0 0 0 0 0 0 0 38 0 37 0 0 0 0 0 a64_rbit32
245 0 0 2 0 0 0 0 0 0 0 38 0 37 0 0 0 0 0 a64_rbit64
