# Exact instruction-count populations

unity-counts.txt: bytes=16875 sha256=4503aa9004b147016bdcfb5d80cff3b2ab6c357e3927f742b358bdc6544667fc
small-counts.txt: bytes=2 sha256=7de1555df0c2700329e815b93b32c571c3ea54dc967b89e81ab73b9972b72d1d

The ordered raw streams are retained in GitHub Actions artifact 10498099770.
The committed histograms below are lossless for the requested distribution and
preserve every distinct `function->instruction_count` and its multiplicity.

===== BEGIN unity-histogram.tsv =====
instruction_count	calls	instructions	clear_bytes
2	63	126	504
3	25	75	300
4	30	120	480
5	21	105	420
6	53	318	1272
7	31	217	868
8	25	200	800
9	30	270	1080
10	18	180	720
11	35	385	1540
12	43	516	2064
13	30	390	1560
14	47	658	2632
15	35	525	2100
16	25	400	1600
17	27	459	1836
18	41	738	2952
19	33	627	2508
20	38	760	3040
21	27	567	2268
22	54	1188	4752
23	34	782	3128
24	34	816	3264
25	21	525	2100
26	21	546	2184
27	26	702	2808
28	74	2072	8288
29	53	1537	6148
30	26	780	3120
31	32	992	3968
32	33	1056	4224
33	36	1188	4752
34	36	1224	4896
35	48	1680	6720
36	31	1116	4464
37	31	1147	4588
38	28	1064	4256
39	43	1677	6708
40	37	1480	5920
41	34	1394	5576
42	32	1344	5376
43	28	1204	4816
44	27	1188	4752
45	29	1305	5220
46	29	1334	5336
47	27	1269	5076
48	24	1152	4608
49	22	1078	4312
50	24	1200	4800
51	31	1581	6324
52	24	1248	4992
53	29	1537	6148
54	16	864	3456
55	33	1815	7260
56	17	952	3808
57	22	1254	5016
58	26	1508	6032
59	29	1711	6844
60	13	780	3120
61	20	1220	4880
62	22	1364	5456
63	17	1071	4284
64	24	1536	6144
65	20	1300	5200
66	28	1848	7392
67	18	1206	4824
68	20	1360	5440
69	16	1104	4416
70	20	1400	5600
71	32	2272	9088
72	26	1872	7488
73	21	1533	6132
74	19	1406	5624
75	22	1650	6600
76	19	1444	5776
77	23	1771	7084
78	25	1950	7800
79	26	2054	8216
80	16	1280	5120
81	17	1377	5508
82	26	2132	8528
83	13	1079	4316
84	22	1848	7392
85	17	1445	5780
86	23	1978	7912
87	13	1131	4524
88	17	1496	5984
89	15	1335	5340
90	14	1260	5040
91	11	1001	4004
92	16	1472	5888
93	14	1302	5208
94	26	2444	9776
95	16	1520	6080
96	17	1632	6528
97	13	1261	5044
98	15	1470	5880
99	21	2079	8316
100	13	1300	5200
101	10	1010	4040
102	11	1122	4488
103	8	824	3296
104	15	1560	6240
105	15	1575	6300
106	11	1166	4664
107	14	1498	5992
108	13	1404	5616
109	16	1744	6976
110	9	990	3960
111	17	1887	7548
112	13	1456	5824
113	10	1130	4520
114	8	912	3648
115	11	1265	5060
116	13	1508	6032
117	10	1170	4680
118	8	944	3776
119	5	595	2380
120	14	1680	6720
121	10	1210	4840
122	10	1220	4880
123	8	984	3936
124	17	2108	8432
125	10	1250	5000
126	9	1134	4536
127	7	889	3556
128	18	2304	9216
129	10	1290	5160
130	11	1430	5720
131	14	1834	7336
132	13	1716	6864
133	14	1862	7448
134	11	1474	5896
135	5	675	2700
136	13	1768	7072
137	6	822	3288
138	8	1104	4416
139	7	973	3892
140	13	1820	7280
141	8	1128	4512
142	5	710	2840
143	7	1001	4004
144	13	1872	7488
145	6	870	3480
146	6	876	3504
147	9	1323	5292
148	13	1924	7696
149	8	1192	4768
150	6	900	3600
151	14	2114	8456
152	11	1672	6688
153	12	1836	7344
154	6	924	3696
155	7	1085	4340
156	7	1092	4368
157	12	1884	7536
158	6	948	3792
159	6	954	3816
160	7	1120	4480
161	11	1771	7084
162	7	1134	4536
163	9	1467	5868
164	8	1312	5248
165	4	660	2640
166	6	996	3984
167	9	1503	6012
168	9	1512	6048
169	9	1521	6084
170	6	1020	4080
171	10	1710	6840
172	6	1032	4128
173	9	1557	6228
174	15	2610	10440
175	10	1750	7000
176	4	704	2816
177	6	1062	4248
178	7	1246	4984
179	7	1253	5012
180	5	900	3600
181	7	1267	5068
182	4	728	2912
183	12	2196	8784
184	7	1288	5152
185	6	1110	4440
186	8	1488	5952
187	10	1870	7480
188	8	1504	6016
189	8	1512	6048
190	8	1520	6080
191	6	1146	4584
192	7	1344	5376
193	5	965	3860
194	3	582	2328
195	27	5265	21060
196	10	1960	7840
197	4	788	3152
198	6	1188	4752
199	3	597	2388
200	6	1200	4800
201	3	603	2412
202	7	1414	5656
203	3	609	2436
204	3	612	2448
205	5	1025	4100
206	5	1030	4120
207	6	1242	4968
208	4	832	3328
209	9	1881	7524
210	3	630	2520
211	3	633	2532
212	2	424	1696
213	3	639	2556
214	2	428	1712
215	2	430	1720
216	3	648	2592
217	6	1302	5208
218	8	1744	6976
219	3	657	2628
220	7	1540	6160
221	8	1768	7072
222	2	444	1776
223	4	892	3568
224	3	672	2688
225	4	900	3600
226	2	452	1808
227	7	1589	6356
228	7	1596	6384
229	2	458	1832
230	5	1150	4600
231	6	1386	5544
232	4	928	3712
233	3	699	2796
234	5	1170	4680
235	6	1410	5640
236	6	1416	5664
237	2	474	1896
238	6	1428	5712
239	1	239	956
240	3	720	2880
241	7	1687	6748
242	1	242	968
243	4	972	3888
244	5	1220	4880
245	8	1960	7840
246	9	2214	8856
247	1	247	988
248	3	744	2976
249	4	996	3984
250	6	1500	6000
251	1	251	1004
252	5	1260	5040
253	3	759	3036
254	8	2032	8128
255	2	510	2040
256	1	256	1024
257	3	771	3084
258	5	1290	5160
259	1	259	1036
260	6	1560	6240
261	4	1044	4176
262	4	1048	4192
263	4	1052	4208
264	10	2640	10560
265	3	795	3180
266	4	1064	4256
267	3	801	3204
268	6	1608	6432
269	1	269	1076
270	5	1350	5400
271	3	813	3252
272	8	2176	8704
273	3	819	3276
274	2	548	2192
275	5	1375	5500
276	3	828	3312
277	1	277	1108
278	6	1668	6672
279	3	837	3348
280	3	840	3360
281	1	281	1124
282	4	1128	4512
283	2	566	2264
284	3	852	3408
285	7	1995	7980
286	3	858	3432
287	3	861	3444
288	4	1152	4608
289	5	1445	5780
290	3	870	3480
292	2	584	2336
293	3	879	3516
294	3	882	3528
295	3	885	3540
296	5	1480	5920
297	3	891	3564
298	2	596	2384
299	9	2691	10764
300	4	1200	4800
301	3	903	3612
302	3	906	3624
303	4	1212	4848
304	4	1216	4864
305	7	2135	8540
306	1	306	1224
307	1	307	1228
308	2	616	2464
309	3	927	3708
310	3	930	3720
311	1	311	1244
313	3	939	3756
314	2	628	2512
315	1	315	1260
316	1	316	1264
317	4	1268	5072
318	4	1272	5088
319	2	638	2552
320	2	640	2560
321	1	321	1284
322	1	322	1288
323	3	969	3876
324	4	1296	5184
325	4	1300	5200
326	3	978	3912
327	4	1308	5232
328	2	656	2624
329	2	658	2632
330	4	1320	5280
331	6	1986	7944
332	2	664	2656
333	5	1665	6660
334	5	1670	6680
335	1	335	1340
336	1	336	1344
337	2	674	2696
338	2	676	2704
339	1	339	1356
340	3	1020	4080
341	1	341	1364
342	3	1026	4104
343	1	343	1372
344	4	1376	5504
345	5	1725	6900
346	1	346	1384
347	3	1041	4164
348	6	2088	8352
349	1	349	1396
350	2	700	2800
351	1	351	1404
352	1	352	1408
353	2	706	2824
355	2	710	2840
356	2	712	2848
357	1	357	1428
358	4	1432	5728
359	2	718	2872
361	1	361	1444
362	1	362	1448
363	2	726	2904
364	1	364	1456
365	4	1460	5840
366	2	732	2928
367	1	367	1468
368	1	368	1472
369	3	1107	4428
373	2	746	2984
374	2	748	2992
375	1	375	1500
376	2	752	3008
378	3	1134	4536
379	4	1516	6064
381	3	1143	4572
383	1	383	1532
384	3	1152	4608
385	2	770	3080
386	4	1544	6176
387	4	1548	6192
388	2	776	3104
390	2	780	3120
391	4	1564	6256
392	1	392	1568
393	3	1179	4716
394	2	788	3152
395	2	790	3160
396	3	1188	4752
398	2	796	3184
399	3	1197	4788
400	3	1200	4800
402	4	1608	6432
404	2	808	3232
405	4	1620	6480
406	2	812	3248
407	2	814	3256
408	3	1224	4896
409	1	409	1636
411	4	1644	6576
412	3	1236	4944
413	1	413	1652
414	2	828	3312
417	2	834	3336
418	2	836	3344
419	1	419	1676
420	2	840	3360
421	3	1263	5052
422	2	844	3376
423	1	423	1692
424	1	424	1696
425	6	2550	10200
426	5	2130	8520
427	1	427	1708
428	3	1284	5136
430	2	860	3440
431	1	431	1724
432	1	432	1728
433	3	1299	5196
434	1	434	1736
435	1	435	1740
436	3	1308	5232
438	4	1752	7008
439	1	439	1756
440	2	880	3520
441	5	2205	8820
442	4	1768	7072
443	1	443	1772
444	2	888	3552
446	1	446	1784
448	2	896	3584
449	2	898	3592
450	2	900	3600
451	1	451	1804
452	2	904	3616
455	4	1820	7280
457	3	1371	5484
458	2	916	3664
461	3	1383	5532
463	2	926	3704
464	1	464	1856
465	3	1395	5580
466	1	466	1864
467	1	467	1868
468	1	468	1872
469	2	938	3752
471	1	471	1884
472	1	472	1888
473	1	473	1892
474	3	1422	5688
475	3	1425	5700
476	5	2380	9520
477	4	1908	7632
480	2	960	3840
482	2	964	3856
484	1	484	1936
486	3	1458	5832
487	2	974	3896
488	2	976	3904
489	1	489	1956
492	1	492	1968
493	2	986	3944
494	2	988	3952
496	1	496	1984
499	2	998	3992
501	1	501	2004
502	3	1506	6024
504	1	504	2016
505	1	505	2020
506	4	2024	8096
507	2	1014	4056
508	1	508	2032
510	1	510	2040
512	3	1536	6144
513	1	513	2052
514	1	514	2056
515	1	515	2060
517	2	1034	4136
518	1	518	2072
520	1	520	2080
521	1	521	2084
522	2	1044	4176
524	1	524	2096
525	1	525	2100
527	1	527	2108
528	1	528	2112
530	1	530	2120
531	2	1062	4248
532	1	532	2128
534	1	534	2136
537	2	1074	4296
538	1	538	2152
539	1	539	2156
543	1	543	2172
545	1	545	2180
546	2	1092	4368
547	1	547	2188
549	2	1098	4392
550	2	1100	4400
551	1	551	2204
552	1	552	2208
554	2	1108	4432
556	1	556	2224
558	1	558	2232
559	2	1118	4472
560	1	560	2240
561	2	1122	4488
565	1	565	2260
566	1	566	2264
567	2	1134	4536
568	1	568	2272
569	1	569	2276
570	3	1710	6840
571	1	571	2284
572	3	1716	6864
573	1	573	2292
574	3	1722	6888
575	1	575	2300
578	1	578	2312
582	2	1164	4656
584	1	584	2336
585	3	1755	7020
586	5	2930	11720
589	1	589	2356
590	1	590	2360
591	1	591	2364
594	1	594	2376
595	2	1190	4760
596	1	596	2384
598	1	598	2392
599	1	599	2396
601	1	601	2404
602	1	602	2408
604	3	1812	7248
605	3	1815	7260
607	2	1214	4856
608	1	608	2432
609	1	609	2436
610	1	610	2440
612	1	612	2448
614	1	614	2456
615	1	615	2460
616	3	1848	7392
617	2	1234	4936
618	1	618	2472
619	1	619	2476
620	1	620	2480
621	1	621	2484
622	1	622	2488
623	1	623	2492
625	1	625	2500
626	1	626	2504
627	1	627	2508
628	3	1884	7536
629	1	629	2516
630	1	630	2520
631	1	631	2524
632	1	632	2528
633	1	633	2532
635	1	635	2540
636	2	1272	5088
637	1	637	2548
639	2	1278	5112
640	1	640	2560
641	1	641	2564
642	3	1926	7704
644	2	1288	5152
646	1	646	2584
647	1	647	2588
649	1	649	2596
650	3	1950	7800
652	1	652	2608
653	1	653	2612
655	1	655	2620
656	3	1968	7872
657	2	1314	5256
658	1	658	2632
663	1	663	2652
664	1	664	2656
667	1	667	2668
669	1	669	2676
673	1	673	2692
677	1	677	2708
678	1	678	2712
681	1	681	2724
683	1	683	2732
684	1	684	2736
685	1	685	2740
690	1	690	2760
691	1	691	2764
692	1	692	2768
693	1	693	2772
695	2	1390	5560
700	1	700	2800
701	1	701	2804
702	1	702	2808
709	1	709	2836
711	1	711	2844
712	2	1424	5696
713	1	713	2852
714	1	714	2856
716	1	716	2864
719	1	719	2876
721	2	1442	5768
722	1	722	2888
729	1	729	2916
730	1	730	2920
733	1	733	2932
735	1	735	2940
738	2	1476	5904
740	2	1480	5920
741	1	741	2964
743	2	1486	5944
746	1	746	2984
750	1	750	3000
751	3	2253	9012
752	1	752	3008
755	1	755	3020
759	1	759	3036
761	2	1522	6088
766	1	766	3064
767	1	767	3068
768	1	768	3072
769	1	769	3076
770	1	770	3080
773	3	2319	9276
775	1	775	3100
777	1	777	3108
780	2	1560	6240
782	2	1564	6256
785	1	785	3140
788	1	788	3152
789	1	789	3156
790	1	790	3160
792	1	792	3168
801	1	801	3204
802	1	802	3208
803	1	803	3212
804	1	804	3216
805	1	805	3220
810	1	810	3240
811	1	811	3244
812	1	812	3248
814	1	814	3256
817	1	817	3268
818	3	2454	9816
820	1	820	3280
825	1	825	3300
829	1	829	3316
831	1	831	3324
832	1	832	3328
833	1	833	3332
837	1	837	3348
844	1	844	3376
850	2	1700	6800
852	1	852	3408
854	1	854	3416
858	1	858	3432
859	1	859	3436
862	1	862	3448
865	1	865	3460
882	2	1764	7056
884	1	884	3536
885	1	885	3540
886	1	886	3544
887	1	887	3548
890	1	890	3560
891	1	891	3564
897	1	897	3588
899	1	899	3596
904	1	904	3616
905	2	1810	7240
906	1	906	3624
907	1	907	3628
908	1	908	3632
913	2	1826	7304
924	1	924	3696
925	1	925	3700
930	1	930	3720
931	1	931	3724
942	2	1884	7536
943	1	943	3772
950	1	950	3800
951	1	951	3804
952	1	952	3808
965	1	965	3860
967	1	967	3868
969	1	969	3876
970	1	970	3880
980	1	980	3920
984	2	1968	7872
985	1	985	3940
988	1	988	3952
989	1	989	3956
990	1	990	3960
994	1	994	3976
1000	1	1000	4000
1007	1	1007	4028
1017	2	2034	8136
1018	1	1018	4072
1020	1	1020	4080
1026	1	1026	4104
1037	2	2074	8296
1042	1	1042	4168
1047	1	1047	4188
1051	1	1051	4204
1058	1	1058	4232
1059	1	1059	4236
1060	1	1060	4240
1069	1	1069	4276
1072	2	2144	8576
1075	1	1075	4300
1076	1	1076	4304
1088	2	2176	8704
1093	1	1093	4372
1098	1	1098	4392
1104	1	1104	4416
1105	2	2210	8840
1119	1	1119	4476
1126	1	1126	4504
1137	1	1137	4548
1144	1	1144	4576
1154	1	1154	4616
1155	1	1155	4620
1158	1	1158	4632
1164	1	1164	4656
1167	1	1167	4668
1170	1	1170	4680
1172	1	1172	4688
1175	1	1175	4700
1179	1	1179	4716
1185	1	1185	4740
1191	1	1191	4764
1193	1	1193	4772
1200	1	1200	4800
1216	1	1216	4864
1221	1	1221	4884
1227	1	1227	4908
1238	1	1238	4952
1241	1	1241	4964
1242	1	1242	4968
1243	1	1243	4972
1246	1	1246	4984
1261	1	1261	5044
1264	1	1264	5056
1270	1	1270	5080
1274	1	1274	5096
1275	1	1275	5100
1279	1	1279	5116
1282	1	1282	5128
1284	1	1284	5136
1291	1	1291	5164
1302	1	1302	5208
1304	1	1304	5216
1305	1	1305	5220
1307	2	2614	10456
1335	1	1335	5340
1340	1	1340	5360
1362	1	1362	5448
1373	1	1373	5492
1388	1	1388	5552
1433	1	1433	5732
1442	1	1442	5768
1443	1	1443	5772
1456	1	1456	5824
1464	2	2928	11712
1472	1	1472	5888
1474	1	1474	5896
1480	1	1480	5920
1486	1	1486	5944
1506	1	1506	6024
1512	1	1512	6048
1535	1	1535	6140
1540	1	1540	6160
1542	2	3084	12336
1545	1	1545	6180
1563	1	1563	6252
1570	1	1570	6280
1606	1	1606	6424
1614	1	1614	6456
1622	1	1622	6488
1646	1	1646	6584
1651	1	1651	6604
1653	1	1653	6612
1654	1	1654	6616
1658	1	1658	6632
1660	1	1660	6640
1663	1	1663	6652
1701	1	1701	6804
1705	1	1705	6820
1713	1	1713	6852
1716	1	1716	6864
1725	1	1725	6900
1729	2	3458	13832
1744	1	1744	6976
1745	1	1745	6980
1759	1	1759	7036
1773	1	1773	7092
1781	1	1781	7124
1787	1	1787	7148
1814	1	1814	7256
1853	1	1853	7412
1867	1	1867	7468
1891	1	1891	7564
1923	1	1923	7692
1935	1	1935	7740
1957	1	1957	7828
1963	1	1963	7852
1972	1	1972	7888
2038	1	2038	8152
2049	1	2049	8196
2055	1	2055	8220
2058	1	2058	8232
2070	1	2070	8280
2101	1	2101	8404
2107	1	2107	8428
2130	1	2130	8520
2135	1	2135	8540
2184	1	2184	8736
2200	1	2200	8800
2202	1	2202	8808
2220	1	2220	8880
2225	1	2225	8900
2257	1	2257	9028
2314	1	2314	9256
2315	1	2315	9260
2332	1	2332	9328
2348	1	2348	9392
2352	2	4704	18816
2373	1	2373	9492
2375	1	2375	9500
2383	1	2383	9532
2411	1	2411	9644
2452	1	2452	9808
2514	1	2514	10056
2522	1	2522	10088
2530	1	2530	10120
2551	1	2551	10204
2599	1	2599	10396
2620	1	2620	10480
2638	1	2638	10552
2643	1	2643	10572
2705	1	2705	10820
2737	1	2737	10948
2753	1	2753	11012
2759	1	2759	11036
2775	1	2775	11100
2778	1	2778	11112
2801	1	2801	11204
2889	1	2889	11556
2962	1	2962	11848
3032	1	3032	12128
3072	1	3072	12288
3178	1	3178	12712
3203	1	3203	12812
3210	1	3210	12840
3259	1	3259	13036
3295	1	3295	13180
3347	1	3347	13388
3378	1	3378	13512
3481	1	3481	13924
3580	1	3580	14320
3582	1	3582	14328
3658	1	3658	14632
3784	1	3784	15136
3811	1	3811	15244
3819	1	3819	15276
3960	1	3960	15840
4000	1	4000	16000
4245	1	4245	16980
4255	1	4255	17020
4348	1	4348	17392
4370	1	4370	17480
4630	1	4630	18520
4918	1	4918	19672
5292	1	5292	21168
6225	1	6225	24900
6324	1	6324	25296
6350	1	6350	25400
6416	1	6416	25664
6533	1	6533	26132
6556	1	6556	26224
7398	1	7398	29592
7675	1	7675	30700
8259	1	8259	33036
8387	1	8387	33548
8463	1	8463	33852
9385	1	9385	37540
9711	1	9711	38844
9802	1	9802	39208
10065	1	10065	40260
10087	1	10087	40348
10532	1	10532	42128
11479	1	11479	45916
12534	1	12534	50136
13260	1	13260	53040
16898	1	16898	67592
69227	1	69227	276908
===== END unity-histogram.tsv =====

===== BEGIN small-histogram.tsv =====
instruction_count	calls	instructions	clear_bytes
4	1	4	16
===== END small-histogram.tsv =====

