exhaustive strings: 3368421, failures so far 0
byte sweep done, failures so far 0
random done, failures so far 0
composition checks: 12048972, failures so far 0
census calls: 2512840, failures so far 0
incumbent  min 8.191 ns/call  samples: 8.858 8.242 8.295 8.243 8.224 8.240 8.191
scalar     min 5.211 ns/call  samples: 5.307 5.230 5.214 5.211 5.276 5.221 5.240
blocked    min 14.997 ns/call  samples: 15.405 15.408 15.013 15.012 15.014 14.997 15.033
overread   min 6.429 ns/call  samples: 6.479 6.475 6.429 6.469 6.441 6.454 6.502
sink 12307939867388897312
crossover decimal: k incumbent scalar blocked overread (ns/call, min of 5)
   1   5.225   3.106  14.446   4.964
   2   5.567   4.016  14.583   5.053
   3   7.281   4.731  14.705   5.015
   4   8.957   5.543  14.300   5.031
   5  10.481   6.156  14.304   5.010
   6  12.124   6.857  14.321   5.017
   7  13.520   7.766  14.481   4.999
   8  14.376   8.487   5.102   4.771
   9  16.043   9.348  17.886   9.601
  10  21.050  10.325  18.148   9.734
  11  21.373  11.225  18.220   9.699
  12  22.351  12.062  17.940   9.752
  13  23.724  13.335  17.924   9.714
  14  24.707  14.930  17.961   9.615
  15  25.175  16.286  18.010   9.637
  16  26.536  17.495  10.022   9.181
  17  27.231  18.793  19.866  14.177
  18  28.043  19.889  19.831  14.212
  19  28.775  20.981  20.041  14.005
crossover hex: k incumbent scalar blocked overread (ns/call, min of 5)
   1   8.102   3.813  15.679   7.250
   2  12.581   4.212  15.284   7.222
   3  16.464   5.085  15.397   7.267
   4  20.781   5.771  15.292   7.242
   5  24.849   6.517  15.387   7.312
   6  28.642   7.256  15.366   7.311
   7  33.088   8.025  15.369   7.327
   8  37.398   8.935   7.261   6.938
   9  44.556   9.746  20.044  13.476
  10  48.595  10.780  20.228  13.570
  11  51.919  11.665  20.244  13.447
  12  55.826  12.709  19.864  13.561
  13  59.701  13.954  19.876  13.597
  14  63.435  15.370  19.847  13.492
  15  67.712  16.834  19.865  13.387
  16  71.341  18.230  13.581  13.090
TOTAL FAILURES 0
