exhaustive strings: 3368421, failures so far 0
byte sweep done, failures so far 0
random done, failures so far 0
composition checks: 12048972, failures so far 0
census calls: 2512840, failures so far 0
incumbent  min 8.284 ns/call  samples: 11.665 12.093 10.617 10.834 8.284 8.388 8.337
scalar     min 5.268 ns/call  samples: 7.586 7.061 7.404 6.823 6.911 5.350 5.268
blocked    min 14.875 ns/call  samples: 19.916 18.044 18.918 18.909 18.934 14.921 14.875
overread   min 6.478 ns/call  samples: 9.049 9.194 9.141 8.701 7.805 6.486 6.478
sink 12307939867388897312
crossover decimal: k incumbent scalar blocked overread (ns/call, min of 5)
   1   4.012   3.169  14.152   4.933
   2   5.466   4.117  14.276   5.045
   3   7.084   4.723  14.293   5.019
   4   9.269   5.690  14.031   5.014
   5  10.227   6.215  14.089   5.006
   6  11.928   6.899  14.246   5.032
   7  13.217   7.812  14.183   5.008
   8  14.479   8.459   5.148   4.727
   9  15.756   9.355  20.902  12.281
  10  25.667  16.836  21.771  12.193
  11  34.421  23.520  28.114  19.748
  12  27.305  14.665  21.846  11.716
  13  30.653  13.319  18.008   9.769
  14  24.525  14.832  18.072   9.749
  15  25.670  18.683  22.585  11.982
  16  33.061  21.650  12.315  11.594
  17  34.144  22.942  23.847  17.479
  18  34.683  24.598  24.636  17.213
  19  35.435  26.381  25.436  17.501
crossover hex: k incumbent scalar blocked overread (ns/call, min of 5)
   1  10.614   4.982  19.834   9.179
   2  16.004   5.770  18.968   9.001
   3  20.453   6.176  19.434   9.287
   4  26.653   7.445  19.642   9.147
   5  31.539   8.453  19.583   9.302
   6  36.573   9.347  19.817   9.581
   7  42.341  10.420  19.670   9.289
   8  37.598   8.949   7.267   7.070
   9  44.179   9.801  20.022  13.931
  10  47.663  10.640  20.298  13.511
  11  51.439  14.949  25.781  17.303
  12  70.499  15.816  24.766  16.830
  13  72.087  16.854  23.797  16.503
  14  76.666  19.177  23.812  16.325
  15  81.128  20.449  23.877  16.256
  16  86.011  21.642  16.102  15.914
TOTAL FAILURES 0
