exhaustive strings: 3368421, failures so far 0
byte sweep done, failures so far 0
random done, failures so far 0
composition checks: 12048972, failures so far 0
census calls: 2512840, failures so far 0
incumbent  min 8.429 ns/call  samples: 11.075 9.882 9.972 10.868 8.917 10.062 8.429
scalar     min 5.400 ns/call  samples: 6.770 6.564 6.367 7.018 5.741 5.901 5.400
blocked    min 14.908 ns/call  samples: 19.066 18.406 18.553 19.195 15.198 17.380 14.908
overread   min 6.645 ns/call  samples: 8.497 8.291 7.800 8.458 7.238 6.645 6.679
sink 12307939867388897312
crossover decimal: k incumbent scalar blocked overread (ns/call, min of 5)
   1   3.874   3.372  14.309   5.192
   2   5.903   4.271  14.586  10.423
   3  11.854   8.452  21.266  10.498
   4  14.230   9.666  21.311  12.011
   5  21.545  18.015  30.158  14.933
   6  15.700   8.886  18.041   6.549
   7  16.853   9.954  17.951   6.371
   8  18.478  10.906   6.535   6.085
   9  20.916  11.581  22.392  11.675
  10  26.502  12.663  22.490  12.128
  11  26.836  13.573  21.930  11.599
  12  27.433  14.647  21.595  11.356
  13  28.640  15.748  21.648  11.740
  14  29.792  17.272  20.555  11.378
  15  29.885  18.996  20.827  11.235
  16  30.857  20.730  11.522  10.810
  17  31.717  22.291  23.907  17.109
  18  32.961  23.913  23.924  18.310
  19  36.959  26.642  25.553  17.998
crossover hex: k incumbent scalar blocked overread (ns/call, min of 5)
   1  10.576   4.696  19.580   9.255
   2  16.072   5.595  19.314   9.305
   3  21.096   6.471  19.288   9.334
   4  26.660   7.439  19.153   9.408
   5  31.537   8.216  19.267   9.441
   6  36.919   9.397  19.327   9.419
   7  42.127  10.371  19.380   9.409
   8  47.591  11.360   9.389   8.943
   9  55.796  12.475  25.369  16.879
  10  61.024  13.620  25.686  17.276
  11  65.050  14.831  25.756  17.197
  12  70.115  15.864  25.260  17.336
  13  76.313  17.424  24.619  16.971
  14  78.461  18.547  23.874  15.913
  15  79.211  20.435  23.889  16.265
  16  85.995  21.813  16.416  15.880
TOTAL FAILURES 0
